EPANET Pattern Data
Demand Pattern
0.4
0.3
0.25
0.25
0.3
0.6
1.2
1.6
1.2
0.9
0.65
0.9
0.8
0.75
0.7
0.65
0.75
0.9
1.1
1.6
1.3
1.1
0.7
0.5
0.4
0.3
0.25
0.25
0.3
0.6
1.2
1.6
1.2
0.9
0.65
0.9
0.8
0.75
0.7
0.65
0.75
0.9
1.1
1.6
1.3
1.1
0.7
0.5
0.4
0.3
0.25
0.25
0.3
0.6
1.2
1.6
1.2
0.9
0.65
0.9
0.8
0.75
0.7
0.65
0.75
0.9
1.1
1.6
1.3
1.1
0.7
0.5
0.4
0.3
0.25
0.25
0.3
0.6
1.2
1.6
1.2
0.9
0.65
0.9
0.8
0.75
0.7
0.65
0.75
0.9
1.1
1.6
1.3
1.1
0.7
0.5
0.4
0.3
0.25
0.25
0.3
0.6
1.2
1.6
1.2
0.9
0.65
0.9
0.8
0.75
0.7
0.65
0.75
0.9
1.1
1.6
1.3
1.1
0.7
0.5
